4294967294,30
4294967294,942
4294967294,941
4294967294,939
4294967294,938
4294967294,933
4294967294,922
4294967294,436
4294967294,830
4294967294,829
4294967294,828
4294967294,827
4294967294,60
4294967294,12
4294967294,909
4294967294,905
4294967294,173
4294967294,170
4294967294,162
4294967294,11
4294967294,68
4294967279,94
4294967279,93
4294967279,91
4294967279,546
4294967294,26
4294967294,950
4294967294,25
4294967294,29
4294967294,949
4294967294,920
4294967279,320
4294967294,28
4294967278,311
4294967279,535
4294967278,205
452,6
452,5
452,4
452,3
452,2
452,1
4294967279,375
4294967279,366
4294967278,416
4294967278,419
4294967294,1413
4294967294,917
4294967294,190
4294967294,899
4294967279,312
4294967278,330
4294967279,353
449,5
449,4
449,3
449,2
449,1
4294967278,369
4294967279,371
4294967279,175
4294967279,292
4294967278,442
4294967278,167
4294967278,400
4294967279,137
4294967278,162
4294967279,158
4294967278,154
4294967278,153
4294967278,148
4294967278,147
445,5
445,4
445,3
445,2
445,1
4294967279,287
4294967278,141
4294967278,140
4294967278,139
4294967278,277
4294967279,134
4294967278,133
4294967279,291
4294967279,88
4294967278,276
4294967279,262
442,5
4294967278,334
442,4
442,3
442,2
442,1
4294967278,264
4294967279,274
4294967278,280
4294967294,963
4294967294,912
4294967278,250
4294967278,132
4294967278,131
4294967278,130
4294967278,122
4294967278,121
4294967278,120
4294967278,247
4294967278,119
4294967278,114
4294967278,112
4294967278,111
4294967278,107
4294967278,106
4294967278,174
4294967278,105
4294967278,102
4294967278,100
4294967278,99
4294967278,95
4294967278,91
4294967278,90
4294967278,89
4294967278,87
4294967278,84
4294967278,82
4294967278,304
4294967278,76
4294967278,75
4294967278,73
4294967278,68
4294967278,67
4294967278,66
4294967278,65
4294967278,62
4294967278,61
4294967278,60
4294967278,59
4294967278,57
4294967278,56
4294967278,55
4294967278,54
4294967278,53
4294967278,52
4294967278,49
4294967278,380
4294967278,47
4294967278,45
4294967278,44
4294967278,43
4294967278,42
4294967278,39
4294967278,37
4294967278,36
4294967278,35
4294967278,34
4294967278,424
4294967278,33
4294967278,32
4294967278,31
4294967278,30
4294967278,332
4294967278,28
4294967278,405
4294967278,25
4294967278,23
4294967278,22
4294967278,20
4294967278,19
4294967278,18
4294967278,17
4294967278,14
4294967278,12
4294967278,11
4294967278,10
4294967278,9
4294967278,8
4294967278,7
4294967278,6
4294967278,5
4294967278,4
4294967279,132
4294967279,131
4294967279,130
4294967279,129
4294967279,128
4294967279,127
4294967279,126
4294967279,340
4294967279,125
4294967279,124
4294967279,123
4294967279,122
4294967279,121
4294967279,120
4294967279,118
4294967279,117
4294967279,116
4294967279,115
4294967279,114
4294967279,111
4294967279,110
4294967279,109
4294967279,108
4294967279,104
4294967279,359
4294967279,102
4294967279,101
4294967279,100
4294967279,99
4294967279,98
4294967279,85
4294967279,84
4294967279,79
4294967279,77
4294967279,74
4294967279,73
4294967279,65
4294967279,64
4294967279,571
4294967279,62
4294967279,57
4294967279,55
4294967279,53
4294967279,47
4294967279,39
4294967279,36
4294967279,35
4294967279,25
4294967279,19
4294967279,12
4294967279,10
4294967279,119
4294967279,332
439,5
439,4
439,3
439,2
439,1
4294967278,306
4294967279,112
4294967279,113
4294967279,521
438,5
438,4
438,3
438,2
438,1
4294967279,107
4294967279,106
4294967278,356
4294967279,105
4294967278,218
4294967279,290
4294967279,103
437,6
437,5
437,4
437,3
437,2
437,1
4294967294,169
4294967294,418
4294967294,112
4294967294,450
4294967294,451
4294967279,197
4294967278,445
4294967279,544
4294967278,447
4294967278,189
4294967279,75
434,7
434,6
434,5
434,4
434,3
434,2
434,1
4294967278,303
4294967278,88
4294967279,67
4294967278,179
4294967279,179
4294967279,177
4294967279,60
4294967279,570
4294967279,326
4294967278,58
4294967279,289
4294967279,58
4294967279,56
4294967279,324
4294967294,483
4294967279,288
4294967279,37
4294967279,45
4294967279,44
4294967279,356
430,5
430,4
430,3
430,2
430,1
4294967279,144
4294967294,918
4294967279,30
428,6
428,5
428,4
428,3
428,2
428,1
4294967279,21
4294967278,301
4294967279,574
4294967279,286
4294967279,264
4294967279,263
4294967279,368
4294967278,342
4294967279,327
4294967278,362
425,6
425,5
425,4
425,3
425,2
425,1
4294967279,241
4294967279,285
4294967278,238
4294967278,340
4294967294,410
4294967294,466
4294967294,113
4294967294,464
422,4
422,3
422,2
422,1
4294967278,230
4294967278,228
421,4
421,3
421,2
421,1
4294967278,216
4294967279,284
420,6
420,5
420,4
420,3
420,2
420,1
4294967294,1418
4294967294,964
4294967294,907
4294967278,428
419,5
419,4
419,3
419,2
419,1
4294967294,1416
4294967294,482
418,6
4294967279,198
418,5
418,4
418,3
418,2
418,1
4294967279,545
4294967278,341
417,6
4294967278,188
4294967279,190
4294967279,189
417,5
4294967279,72
4294967278,187
417,4
417,3
417,2
417,1
4294967294,384
4294967294,111
4294967294,456
4294967294,405
4294967294,397
4294967294,180
4294967294,412
4294967294,160
4294967278,70
416,6
4294967279,66
4294967278,178
4294967278,64
4294967278,63
4294967278,172
416,5
416,4
416,3
416,2
416,1
4294967278,263
4294967278,324
4294967279,54
4294967279,547
415,5
4294967279,163
415,4
415,3
415,2
415,1
4294967279,162
4294967294,480
4294967278,367
4294967279,536
413,4
4294967278,151
413,3
413,2
413,1
4294967279,347
4294967279,567
4294967278,420
4294967278,353
4294967279,350
4294967278,300
4294967278,299
4294967294,910
4294967294,961
4294967279,328
4294967278,373
4294967279,527
4294967279,379
4294967278,352
4294967278,414
4294967278,359
4294967278,51
4294967278,50
4294967279,51
4294967279,49
4294967279,46
4294967279,43
4294967279,42
4294967279,41
4294967279,40
4294967279,38
4294967278,366
4294967278,256
4294967278,266
4294967278,335
4294967278,315
4294967278,386
4294967278,443
4294967278,308
4294967278,48
4294967278,46
4294967278,283
4294967278,339
4294967278,41
4294967278,40
4294967278,38
4294967278,29
4294967278,406
4294967278,27
4294967278,26
4294967278,24
4294967278,363
4294967278,21
4294967278,417
4294967278,16
4294967278,15
4294967279,557
4294967279,533
4294967279,531
4294967279,517
4294967279,81
4294967279,80
4294967279,374
4294967279,78
4294967279,70
4294967279,365
4294967279,68
4294967279,28
4294967279,27
4294967279,26
4294967279,345
4294967279,24
4294967279,18
4294967279,17
4294967279,16
4294967279,15
4294967279,5
4294967279,373
4294967278,13
4294967278,365
4294967279,276
4294967278,298
4294967279,258
4294967279,257
412,6
412,5
412,4
412,3
412,2
412,1
4294967279,273
4294967278,296
4294967278,329
4294967279,522
4294967278,295
4294967279,314
4294967278,248
4294967279,572
4294967278,236
409,5
4294967278,234
409,4
409,2
409,1
4294967278,232
4294967278,226
4294967294,420
4294967294,913
4294967294,109
4294967294,189
4294967278,294
4294967279,219
4294967278,214
4294967278,293
4294967279,349
4294967278,355
4294967279,355
4294967278,358
4294967278,206
4294967279,200
4294967279,199
4294967279,269
4294967294,911
4294967278,197
4294967279,82
4294967279,194
4294967278,193
